1120
2211
3709
4704
6002
7387
8593
9608
10682
11963
13296
14524
15631
17070
18283
19482
20536
21824
22773
24059
25389
26700
27843
28946
30194
31451
32641
33766
34857
35908
37222
39834
40878
41920
43187
44217
45549
46870
48261
49350
50621
51840
53214
54548
55690
57114
58233
59377
60766
61870
63176
64245
65522
66699
67815
68821
70119
71317
72566
74000
75205
76386
77741
78612
79643
80813
82018
83114
84335
85455
86811
89044
90142
91544
92711
93747
95081
96370
97633
98862
100374
101700
102936
104080
105373
106568
107587
108991
111091
112714
113727
114983
116078
117269
118575
119704
120792
121909
123154
124274
125515
126569
127816
129144
130384
131607
132548
133723
134791
135924
137378
138513
139659
140695
141685
142968
144152
145523
146773
147992
149196
150482
151759
152801
154230
155440
156449
157636
158932
160110
161280
162599
163968
165366
166319
167574
168846
170042
171243
172543
173695
174870
175964
177026
178047
179084
180360
181425
182607
183889
184880
185980
187205
188612
189926
191147
192221
1104
2167
3649
4652
5942
7271
8489
9512
10582
11907
13216
14456
15583
17038
18239
19414
20436
21744
22725
23995
25333
26640
27787
28894
30142
31383
32597
33714
34805
35856
37198
39814
40838
41884
43119
44145
45485
46802
48197
49310
50589
51824
53190
54504
55646
57074
58189
59345
60714
61790
63092
64173
65474
66651
67771
68793
70091
71281
72542
73992
75201
76402
77773
78620
79663
80849
82038
83130
84327
85459
86819
89036
90142
91540
92727
93759
95101
96390
97641
98870
100398
101696
102948
104104
105409
106604
107611
109007
111111
112722
113755
114971
116086
117285
118571
119700
120768
121885
123126
124238
125467
126505
127800
129132
130388
131599
132524
133703
134787
135924
137374
138565
139711
140775
141781
143076
144260
145587
146841
148064
149256
150526
151803
152861
154286
155520
156541
157700
158972
160150
161320
162651
164028
165430
166379
167630
168906
170082
171287
172623
173767
174954
176052
177098
178111
179132
180416
181473
182639
183925
184916
186016
187245
188660
189970
191191
192281
1108
2175
3661
4636
5954
7319
8529
9552
10646
11927
13244
14480
15619
17066
18275
19466
20488
21788
22729
24015
25341
26664
27795
28890
30142
31391
32581
33702
34789
35840
37186
39758
40786
41828
43059
44089
45437
46734
48129
49234
50533
51768
53146
54492
55618
57054
58177
59333
60714
61814
63120
64193
65490
66647
67755
68757
70043
71237
72510
73932
75129
76310
77681
78536
79567
80761
81958
83050
84235
85359
86687
88904
89998
91384
92551
93595
94897
96178
97417
98626
100138
101444
102708
103860
105189
106380
107383
108771
110867
112494
113511
114747
115858
117061
118343
119480
120540
121669
122918
124034
125271
126325
127596
128904
130164
131395
132320
133499
134543
135660
137110
138257
139391
140435
141441
142744
143928
145291
146537
147784
148984
150258
151523
152569
153998
155220
156221
157412
158712
159902
161068
162387
163768
165166
166103
167326
168606
169786
170991
172295
173435
174610
175716
176782
177803
178840
180144
181193
182351
183617
184616
185736
186965
188364
189678
190887
191965
1100
2175
3681
4676
5990
7307
8525
9536
10614
11879
13216
14436
15567
17026
18231
19418
20460
21772
22721
24011
25349
26676
27807
28902
30142
31403
32605
33726
34813
35852
37186
39778
40822
41864
43115
44125
45473
46794
48193
49306
50597
51832
53186
54504
55630
57070
58185
59353
60750
61866
63160
64225
65506
66687
67799
68801
70087
71285
72558
73992
75177
76350
77717
78560
79599
80761
81954
83066
84275
85395
86751
88972
90054
91448
92627
93675
94989
96254
97501
98702
100194
101508
102772
103928
105237
106408
107435
108815
110895
112526
113523
114751
115874
117065
118347
119472
120524
121645
122890
124014
125223
126249
127524
128852
130116
131351
132272
133459
134515
135636
137074
138257
139391
140439
141457
142740
143928
145275
146525
147764
148972
150234
151503
152557
153970
155204
156213
157400
158696
159874
161060
162375
163740
165166
166119
167338
168626
169806
171003
172327
173483
174654
175748
176806
177851
178900
180204
181249
182407
183669
184664
185760
186985
188376
189682
190911
191977
1116
2203
3717
4720
6014
7367
8573
9564
10634
11919
13228
14468
15599
17022
18203
19390
20416
21716
22685
23979
25321
26644
27779
28862
30134
31407
32585
33718
34805
35868
37206
39814
40822
41856
43103
44133
45473
46810
48213
49322
50593
51824
53226
54552
55670
57082
58193
59337
60734
61846
63156
64221
65522
66711
67835
68821
70115
71301
72550
74004
75185
76374
77725
78584
79615
80789
81994
83074
84255
85371
86703
88944
90034
91448
92631
93667
95001
96274
97525
98742
100246
101548
102804
103952
105249
106432
107443
108839
110959
112598
113595
114827
115954
117133
118403
119544
120600
121729
122962
124090
125331
126377
127624
128940
130200
131419
132356
133559
134623
135760
137186
138317
139459
140511
141509
142780
143964
145331
146553
147796
148968
150238
151511
152557
153990
155232
156245
157428
158708
159890
161056
162351
163700
165090
166031
167286
168562
169778
170955
172263
173411
174586
175672
176758
177775
178796
180080
181137
182279
183549
184544
185672
186901
188324
189642
190879
191949
2013
3889
5828
7600
9791
12549
14876
16679
18767
21465
24013
26118
28093
30263
32499
34795
36625
38900
41337
43512
45650
47647
49511
51437
53791
56099
58253
59921
62147
64216
66159
68711
70776
73010
74674
76809
78705
80954
82769
84558
86794
89163
91199
93138
95311
97724
99784
101685
104044
106017
108313
110317
112172
114391
116108
117783
119474
121577
123321
125430
127617
129715
131822
134271
136504
138579
140642
142571
144525
146387
148910
151251
153637
155606
160221
162089
163966
166126
168561
170448
172544
174899
2013
3889
5828
7600
9791
12549
14876
16679
18767
21465
24013
26118
28093
30263
32499
34795
36625
38900
41353
43528
45666
47663
49527
51453
53807
56115
58269
59956
62182
64251
66194
68762
70827
73061
74725
76860
78756
81005
82820
84609
86845
89214
91250
93189
95362
97791
99851
101752
104111
106084
108380
110384
112239
114458
116175
117850
119541
121644
123388
125497
127703
129801
131908
134373
136606
138681
140744
142673
144627
146489
149012
151353
153739
155708
160323
162191
164068
166266
168701
170588
172684
175039
177178
179232
181213
183169
185330
187187
188949
191320
193350
195579
197886
200405
202379
204656
206831
209303
211644
214158
216122
218349
220917
223518
225556
227605
229288
231486
233423
235548
238011
239940
242246
244203
246919
248753
251030
253440
255374
257655
259898
261923
263951
265811
267513
269824
271977
274083
275988
278008
279832
281995
284229
286360
288859
1853
15323
27783
40004
47221
51455
57042
67105
97516
99636
103195
131193
136988
141347
143176
160955
164820
170450
182062
192603
194744
200901
207472
209381
216752
218995
234950
237067
244611
250273
257572
1076
2115
3549
4512
5770
7051
8209
9180
10218
11451
12720
13904
14991
16351
17532
18659
19645
20889
21802
23032
24318
25589
26696
27743
28935
30132
31286
32371
33406
34409
35683
38187
39175
40189
41380
42358
43642
44919
46270
47323
48550
49729
51051
52325
53419
54807
55878
56998
58327
59387
60645
61662
62907
64048
65116
66082
67320
68470
69687
71065
72214
73339
74638
75465
76456
77602
78755
79811
80976
82060
83344
85474
86536
87882
89021
90029
91287
92508
93727
94896
96344
97598
98814
99942
101199
102334
103317
104669
106693
108256
109233
110409
111476
112623
113846
114935
115959
117048
118237
119309
120482
121492
122699
123971
125159
126342
127243
128374
129402
130487
131861
132972
134082
135090
136052
137295
138431
139738
140932
142131
143287
144505
145734
146744
148133
149307
150296
151435
152679
153813
154931
156206
157523
158869
159790
160985
162193
163329
164474
165734
166834
167969
169027
170049
171026
172019
173263
174272
175386
176612
177575
178651
179836
181179
182409
183590
184632
185813
186997
188151
189128
190332
191575
192792
193802
194973
196079
197152
198260
199483
200770
202034
203075
204239
205295
206250
207529
208429
209530
210714
211999
213115
214287
215447
216582
217781
218745
219800
220904
222137
223239
224294
225250
226385
227322
228428
229456
230683
232063
233210
234468
235648
236620
237510
238586
239910
241194
242466
243638
244568
245812
246805
247738
248644
249750
250991
251951
253088
254085
255124
256386
257648
258750
259923
261164
1821
3539
5959
7574
9636
11765
13646
15266
16984
19080
21185
23131
24901
27171
29104
31019
32683
34703
36296
38273
40410
42515
44355
46095
48060
50049
51966
53777
55536
57189
59286
63421
65056
66800
68855
70500
72601
74687
76938
78687
80719
82688
84928
87024
88836
91155
92969
94836
96999
98760
100824
102486
104554
106399
108210
109752
111810
113735
115791
118021
119930
121858
124004
125393
127082
128994
130925
132789
134714
136571
138691
140555
142309
144073
146346
148219
149908
151987
154023
156132
158110
160513
162603
164550
166473
168459
1324
2564
4307
5487
6992
8581
9970
11127
12349
13905
15454
16901
18191
19890
21305
22694
23912
25420
26565
28029
29639
31189
32515
33776
35201
36647
38066
39429
40725
41961
43531
46562
47766
49027
50511
51721
53267
54809
56470
57786
59261
60703
62338
63860
65203
66901
68189
69558
71181
72475
73996
75197
76690
78020
79337
80490
81992
83438
84950
86607
88020
89408
91000
92015
93271
94666
96067
97403
98846
100240
101788
103202
104491
105773
107413
108787
110042
111548
113045
114592
116009
117765
119313
120778
122185
123659
125058
126274
127875
129013
130475
132362
133509
134932
136263
137704
139251
140541
141782
143150
144615
145981
147432
148642
150128
151602
153067
154515
155632
156980
158240
159559
161165
162538
163882
165091
166301
167790
169236
170870
172327
173727
175179
176645
178169
179427
181126
182608
183878
185281
186727
188124
189491
191030
192688
194327
195466
196909
198364
199779
201171
202679
204011
205377
206654
207893
209089
210300
211822
213063
214439
215898
217078
218387
219837
221398
222921
224396
225593
1821
3539
5959
7574
9636
11765
13646
15266
16984
19050
21155
23101
24855
27125
29058
30973
32637
34642
36235
38196
40333
42438
44263
46003
47968
49957
51874
53685
55444
57097
59194
63329
64964
66692
68747
70392
72478
74564
76815
78564
80596
82565
84789
86870
88682
91001
92815
94682
96829
98590
100623
102285
104353
106198
108009
109551
111593
113518
115574
117804
119713
121641
123787
125176
126865
128777
130708
132556
134481
136338
138458
140322
142076
143840
146113
147986
149675
151754
153775
155884
157862
160265
162355
164302
166209
168195
170044
171698
173889
175416
177375
179925
181520
183484
185278
187231
189273
191028
192703
194521
196464
198280
200241
201930
203927
205957
207947
209939
211506
213318
215029
216843
219019
220840
222682
224307
225920
227891
229834
232028
233981
235926
237892
239865
241933
243674
245996
247956
249632
251517
253492
255401
257296
259393
261640
263881
265423
267425
269407
271319
273221
275257
277085
278963
280752
282486
284068
285712
287810
289502
291373
293343
294972
296748
298695
300842
302888
304860
306554
308572
310565
312467
314111
316101
318118
320130
321869
323880
325779
327519
329436
331509
333586
335714
337439
339361
341101
342696
344776
346265
348154
350164
352265
354108
356059
358099
360010
361986
363584
365321
367139
369187
371048
1984
3674
5712
7557
9485
11353
13113
15035
17180
19262
20861
23172
24885
26579
28468
30395
32993
34724
36592
38735
41088
43329
46041
47928
49593
51533
53275
55399
57616
59421
61163
63133
64873
66619
68710
70550
72394
74357
76387
78369
80412
82244
84043
86259
88034
90341
1953
3643
5665
7465
9393
11213
12957
14879
16963
19015
20567
22847
24529
26223
28096
30023
32589
34320
36127
38254
40592
42833
45529
47384
49049
50989
52700
54779
56996
58769
60511
62450
64190
65905
67996
69821
71649
73580
75595
77546
79573
81390
83173
85358
87102
89379
91464
93403
95452
97273
99177
101054
1875
3456
5403
7378
9101
10954
12681
14331
16466
18356
20377
22339
24626
26615
28135
30337
31958
33575
35416
37442
39338
41797
43770
45439
47184
49280
51186
53448
55518
57789
60300
62062
63664
65527
67133
69179
70797
72708
74742
76869
79009
80767
82461
84385
86095
87637
90024
91724
93858
95287
97331
99077
100844
102715
104715
106542
108430
110412
112353
114076
115750
117845
119511
121649
123626
125700
127562
129503
131246
133042
134889
1740
3534
5421
7386
8999
10946
12921
15058
17560
19299
21152
22895
24643
26291
27941
30076
31966
33987
35949
38236
40114
42080
44323
46334
48323
50250
51908
53698
55218
57420
59412
61325
63311
64925
66546
68163
69837
71690
74057
75914
77940
79735
81557
83385
85459
87159
88695
90591
93050
95023
96878
98773
100845
102530
104290
105957
108053
109974
112236
114087
116157
118428
120939
122701
124303
125905
127768
129324
131368
133215
135156
136884
138897
141124
142746
144482
146528
148178
150089
152123
154250
156390
158148
160066
162156
163850
165962
168154
170052
171976
173601
175425
177135
178677
181064
182716
184416
186550
187979
189919
192040
194138
196214
197960
199727
201598
203598
205560
207403
209391
211206
213314
215202
217199
219140
221190
223054
225155
226658
228381
230291
232795
234469
236389
238484
240601
242555
244221
246359
248383
250228
252251
253967
255703
257793
259429
261307
262752
264829
266770
268758
270501
272360
274313
276144
277939
279735
281647
283763
285610
1880
3758
5691
7927
10024
11761
13377
14796
16185
17951
19573
21369
23405
25414
27479
29528
31398
33110
35103
36986
38813
41123
42777
44579
46715
48672
50417
52311
54504
56824
58597
60758
62648
64488
66353
68635
70482
72474
74451
76186
77968
80191
81872
83570
85412
87250
88804
90710
92510
94338
96700
98705
100570
102574
104631
106641
108790
110493
112527
114814
116980
118998
121353
123450
125134
127027
128676
130566
132567
134569
136774
138797
141097
143212
145262
147285
148797
150790
152329
154198
156271
158187
159819
162082
163543
165391
167466
169470
171396
173253
175277
177325
179464
181258
183063
185258
187076
188521
190651
192423
194318
196300
198298
200255
201713
203906
205780
207520
209201
210876
212914
214871
216602
218898
220838
222694
224748
226760
228732
230702
232469
234278
235966
238046
239950
241949
243504
245466
247733
249279
251118
252980
254927
257099
258786
260701
1880
3758
5691
7927
10024
11761
13377
14796
16185
17951
19573
21369
23405
25414
27479
29528
31398
33110
35103
36986
38813
41123
42777
44579
46715
48672
50417
52311
54504
56824
58597
60758
62648
64488
66353
68635
70482
72474
74451
76186
77968
80191
81872
83570
85412
87250
88804
90710
92510
94338
96700
98705
100570
102574
104631
106641
108790
110493
112527
114814
116980
118998
121353
123450
125134
127027
128676
130566
132567
134569
136774
138797
141097
143212
145262
147285
148797
150790
152329
154198
156271
158187
159819
162082
163543
165391
167466
169470
171396
173253
175277
177325
179464
181258
183063
185258
187076
188521
190651
192423
194318
196300
198298
200255
201713
203906
205780
207520
209201
210876
212914
214871
216602
218898
220838
222694
224748
226760
228732
230702
232469
234278
235966
238046
239950
241949
243504
245466
247733
249279
251118
252980
254927
257099
258786
260701
1789
3449
5152
7542
9585
11184
13008
15354
17638
19393
21275
23263
25295
27350
29479
31329
33098
34718
36404
38438
40482
42412
43879
45849
47722
49445
51685
53602
55548
57044
58895
60543
62548
64207
65784
67772
69865
71636
73403
75348
77485
79361
81436
83213
85245
86969
88920
90441
91976
93527
95410
96922
98803
100737
102592
104781
106770
108641
110452
112166
113803
116058
118155
120285
122042
126177
127797
129478
131436
133635
135334
137389
139260
141077
142832
144717
146362
147996
150067
151889
153874
155945
158180
159914
161931
163854
166062
168143
170337
172117
174060
176364
178593
180391
182243
183754
185712
187437
189334
191481
193230
195216
196977
199381
200991
203008
204670
206707
208714
210559
212339
213983
215509
217536
219445
221154
223017
225027
226922
229137
231046
232974
234988
237072
238446
240105
241986
243885
245968
247999
249816
252035
253690
255599
257456
259560
261409
263163
265080
266896
268660
270886
272733
274606
276295
278374
280364
282442
284404
286726
288722
291093
293168
295115
297165
298839
300746
302635
304647
306633
308477
310326
311980
314155
315651
317578
319237
321757
323876
325652
327462
328969
330636
332231
334165
335989
337783
339418
341151
343104
344733
346719
348608
350788
352830
354620
356375
358034
359806
361734
363534
365495
367139
369136
371166
373125
375101
376577
378561
380113
381894
383559
385514
387450
389002
390789
392587
394494
396670
398491
400333
402325
403905
405783
407921
409534
411505
413693
415621
417800
419662
421372
423309
425207
426873
428807
430780
432832
434573
436080
438357
440272
442226
444068
446060
447736
449527
451412
453534
455693
457637
459546
461378
463475
465690
467431
469657
471169
473116
475086
477021
478933
480835
482902
484726
486747
488575
490423
492212
494209
495928
497694
499233
501035
502972
504853
506435
508049
510147
511824
513679
515618
517247
519023
520970
522665
524812
526843
528683
530542
532498
534467
536006
537863
539557
541542
543576
545734
547722
549823
551811
554038
556238
558215
560102
561730
563394
565323
566842
568486
570473
572236
574233
576404
578232
579941
581905
583804
585528
587430
589527
591585
593375
595452
597535
599244
601150
602668
604377
605972
607569
609718
611783
613256
614846
616843
618732
620694
622814
624915
626758
628678
630998
632707
634701
636618
638663
640528
642488
644086
645883
647588
649406
651376
653392
655253
657004
658607
660802
662619
664738
666344
668287
670061
671815
673891
675908
677874
679502
681765
683588
685524
687784
689857
691939
693924
695496
697219
698638
700409
702190
703949
706128
708278
710082
711484
713577
715474
717338
719562
721064
723131
724850
727258
728796
730294
732146
734177
735769
737669
739517
741345
742978
745016
746675
748729
750769
752584
754543
756668
758666
760414
1837
3573
5307
7727
1926
3914
1880
3758
5691
7942
10039
11806
13422
14872
16276
18089
19711
21507
23558
25628
27725
29774
31644
33356
35395
37324
39167
41492
43178
45027
47163
1880
3758
5691
7927
10024
11761
13377
14796
16185
17951
19573
21369
23405
25414
27479
29528
31398
33110
35103
36986
38813
41123
42777
44579
46715
48672
50417
52311
54504
56824
58597
60758
62648
64488
66353
68635
70482
72474
74451
76186
77968
80191
81872
83570
85412
87250
88804
90710
92510
94338
96700
98705
100570
102574
104631
106641
108790
110493
112527
114814
116980
118998
121353
123450
125134
127027
128676
130566
132567
134569
136774
138797
141097
143212
145262
147285
148797
150790
152329
154198
156271
158187
159819
162082
163543
165391
167466
169470
171396
173253
175277
177325
179464
181258
183063
185258
187076
188521
190651
192423
194318
196300
198298
200255
201713
203906
205780
207520
209201
210876
212914
214871
216602
218898
220838
222694
224748
226760
228732
230702
232469
234278
235966
238046
239950
241949
243504
245466
247733
249279
251118
252980
254927
257099
258786
260701
1880
3758
5691
7927
10024
11745
13346
14765
16139
17905
19527
21308
23329
25338
27387
29436
31290
33002
34964
36831
38642
40920
42574
44376
46481
48423
50120
52014
54207
56497
58255
60416
62306
64131
65981
68233
70065
72057
74034
75769
77551
79759
81440
83106
84916
86754
88308
90183
91983
93796
96126
98116
99950
101954
103980
105974
108123
109781
111815
114086
116222
118224
120548
122645
124313
126206
127855
129714
131699
133655
135799
137822
140122
142222
144272
146295
147807
149800
151323
153192
155265
157165
158781
161029
162475
164278
166323
168311
170237
172094
174086
176104
178197
179975
181780
183960
185746
187191
189321
191078
192973
194939
196921
198878
200336
202529
204403
206112
207793
209452
211490
213447
215131
217412
219337
221193
223232
225213
227185
229140
230907
232716
234388
236468
238356
240355
241910
243872
246123
247669
249508
251355
253286
255427
257099
258968
1880
3727
5660
7896
9993
11714
13315
14734
16108
17874
19481
21262
23283
25292
27341
29375
31214
32878
34840
36707
38518
40796
42450
44252
46357
48299
49996
51890
54067
56325
58083
60244
62134
63959
65809
68061
69878
71870
73847
75582
77364
79572
81253
82919
84729
86567
88105
89950
91734
93531
95861
97835
99669
101673
103699
105693
107842
109500
111534
113805
115941
117943
120267
122364
124032
125925
127574
129433
131418
133374
135518
137541
139841
141941
143991
146014
147526
149503
151026
152863
154936
156836
158452
160700
162146
163949
165994
167982
169908
171765
173757
175775
177868
179646
181451
183631
185417
186847
188977
190734
192629
194595
196577
198519
199961
202154
204028
205737
207418
209077
211115
213056
214740
217021
218946
220802
222841
224822
226779
228734
230501
232310
233982
236062
237920
239919
241444
1816
3620
5411
7146
8866
10736
12570
14209
15633
17746
19304
21310
23169
25110
27069
29287
31282
32886
34640
36916
38526
40065
41594
45424
46956
48940
51052
53012
54658
56535
58297
60667
62402
64334
66185
68130
69787
71629
73343
74995
77079
79104
81060
82826
84777
86616
88856
90551
92533
94317
95955
98018
99480
101395
103656
105648
107688
109300
110785
112644
114571
116727
118437
120090
121769
123528
125170
126865
129015
131104
132803
134547
136477
138582
140752
143016
144958
146886
148299
149914
151968
154104
155764
157744
159242
160800
162865
164585
166829
168825
170519
172304
173670
175819
177195
179004
180941
182844
184583
186921
189365
190670
192661
194483
196377
198160
199963
202068
203804
205610
207363
209298
210713
212785
214615
216607
218273
220122
222149
224142
225719
227183
229580
231406
233101
234898
1848
3668
5522
7272
9038
10908
12758
14412
15866
17995
19553
21607
23466
25438
27397
29679
31674
33310
35064
37370
38980
40535
42064
46032
47580
49579
51722
53698
55344
57253
59045
61461
63211
65205
67072
69064
70782
72688
74464
76116
78261
80332
82333
84115
86096
87951
90223
91949
93963
95747
97385
99493
101032
103009
105317
107309
109379
111037
112553
114458
116401
118572
120329
122013
123738
125497
127185
128927
131108
133213
134944
136751
138728
140848
143127
145468
147426
149370
150783
152443
154528
156680
158419
160415
161913
163502
165613
167348
169623
171666
173437
175252
176634
178846
180268
182108
184093
186012
187781
190180
192672
194040
196062
197900
199841
201700
203503
205608
207344
209150
210933
212868
214314
216386
218216
220224
221906
223833
225906
227899
229537
231033
233478
235367
237093
238935
240804
242858
244560
246406
248103
249477
251226
253158
254961
256962
258779
260381
262188
263970
266279
267608
269162
270833
272477
274558
276364
278101
280119
282344
284014
286100
287813
289741
291326
293009
295085
296677
298713
300467
302134
304050
305593
307650
309738
311668
313342
314980
317138
319324
321097
322959
324565
326335
327983
330166
332032
333714
1948
4004
5604
7675
9667
12223
14175
15697
17718
19785
22058
24335
26248
28028
29947
31639
33350
35355
37212
39322
41402
43068
44555
46402
48078
50214
52343
54251
55879
57282
59070
62077
63908
65519
67247
69013
70790
72903
74942
76594
78460
80337
82289
84211
86027
87863
89671
91401
93546
95424
97310
98875
100338
102085
103937
105746
107437
109479
111653
113511
115005
116719
118619
120772
122986
124848
126585
128370
130598
132074
134506
136721
138649
140640
142643
144510
146165
148089
150377
152160
153818
155594
157179
159127
161188
163084
164873
166888
168725
170978
173175
174827
176691
178571
180363
182284
184219
185978
187815
189773
192107
193744
195226
196775
198386
200463
202190
203814
205744
207408
208656
210441
211950
213514
215805
217697
219489
221350
223307
225077
226813
228656
230542
232880
234726
236386
237721
239706
241869
243550
245510
247452
248953
250960
252914
254734
256705
258763
260784
262638
264323
266484
267850
269679
271395
273060
274963
276396
278255
279868
282092
283669
285398
287515
289536
291165
292723
294533
296478
298349
300019
302160
303930
305850
307922
309935
311999
314122
316195
318385
320432
322756
324517
326334
328233
330155
332271
334540
1972
4044
5668
7771
9779
12375
14327
15865
17918
20021
22322
24635
26572
28400
30339
32051
33782
35815
37696
39830
41938
43624
45127
46998
48710
50854
53011
54959
56607
58014
59822
62873
64724
66375
68119
69909
71702
73835
75882
77558
79432
81345
83329
85275
87115
88983
90803
92549
94710
96616
98530
100111
101590
103365
105253
107098
108809
110895
113085
114979
116485
118219
120139
122320
124554
126444
128197
130006
132246
133742
136202
138441
140389
142400
144443
146322
147989
149933
152249
154052
155742
157534
159151
161119
163180
165108
166921
168980
170857
173138
175355
177031
178899
180807
182623
184568
186519
188286
190135
192113
194479
196120
197614
199167
200802
202899
204634
206278
208224
209920
211188
212997
214538
216138
218453
220377
222201
224082
226059
227849
229617
231488
233414
235776
237642
239322
240677
242694
244877
246570
248558
250516
252037
254060
256038
257882
259877
261951
264000
265874
267563
269764
271150
273003
274739
276432
278359
279804
281687
283312
285568
287153
288906
291043
293072
294721
296295
298121
300110
301989
303691
305860
307650
309594
311682
313711
315791
317942
320031
322245
324320
326680
328473
330318
332249
334187
336327
338624
1972
4080
5716
7843
9879
12495
14487
16049
18114
20241
22586
24955
26896
28716
30687
32439
34190
36243
38148
40326
42454
44176
45723
47630
49350
51534
53727
55695
57355
58794
60614
63665
65564
67203
68991
70793
72622
74807
76898
78594
80500
82433
84409
86395
88251
90135
91987
93769
95974
97880
99854
101439
102922
104717
106625
108486
110225
112319
114529
116439
117965
119707
121639
123848
126110
128012
129789
131614
133914
135422
137914
140149
142121
144164
146223
148134
149845
151845
154185
156008
157698
159538
161175
163163
165292
167244
169073
171136
173017
175330
177595
179279
181191
183131
184959
186920
188907
190726
192603
194609
196999
198692
200210
201775
203434
205547
207314
208958
210940
212656
213936
215753
217298
218878
221221
223157
225013
226926
228959
230773
232529
234432
236362
238744
240638
242338
243709
245754
247957
249670
251654
253628
255161
257212
259206
261054
263093
265231
267292
269194
270923
273140
274534
276391
278159
279872
281867
283344
285255
286896
289164
290785
292562
294735
296796
298465
300047
301893
303890
305793
307495
309684
311498
313478
315598
317667
319791
321974
324087
326353
328448
330808
332601
334450
336409
338387
340571
342896
1694
3365
5366
7462
9485
11053
12707
14526
16312
18088
19902
21802
23761
25576
27381
28820
30905
33068
35066
37256
39561
41572
43694
45825
47974
49937
51316
53444
55214
56787
58730
60659
62271
64277
65884
68210
69951
71795
73540
75526
77418
79500
81497
83202
85081
87115
89167
91093
92942
95138
96803
98908
100962
103073
105223
107192
109479
111362
113387
115273
117255
119019
120824
122494
124639
126499
128603
130430
132498
134621
136728
138977
140881
142488
144517
146437
148177
150417
152159
154013
155619
157631
159486
161744
163666
165819
167636
169662
171704
173648
175491
177975
179675
181598
183847
186234
188154
190486
192575
194724
196342
198352
200054
202170
203957
206395
208292
209874
211989
213863
216171
217855
220014
221786
223610
225944
227641
229498
231136
233125
234907
236946
239006
241307
243691
245524
247670
249586
251396
253625
255459
257406
259252
260957
262790
264788
266664
268201
269990
272231
274520
276673
278566
280496
282512
284647
286647
288023
289986
292549
294885
296828
298626
300876
302776
304357
306143
307972
309804
311377
313329
315626
317379
319512
321685
323524
325389
327896
329760
331631
333668
335652
337542
339796
341863
343917
346174
348119
350318
1662
3313
5306
7378
9353
10913
12535
14318
16084
17856
19658
21558
23501
25304
27089
28512
30593
32744
34690
36872
39173
41148
43246
45333
47450
49393
50772
52876
54614
56151
58078
59983
61571
63545
65108
67406
69135
70931
72652
74638
76506
78576
80561
82234
84037
86043
88083
89997
91850
94006
95639
97716
99750
101833
103967
105888
108143
110026
112027
113881
115887
117619
119400
121050
123179
124975
127051
128866
130938
133017
135072
137305
139153
140704
142721
144645
146373
148585
150311
152157
153747
155755
157606
159824
161722
163863
165644
167630
169632
171572
173387
175843
177511
179418
181663
184014
185926
188250
190311
192468
194054
196048
197726
199786
201537
203919
205784
207370
209453
211315
213591
215239
217374
219114
220934
223204
224893
226738
228364
230317
232059
234074
236110
238371
240723
242528
244642
246562
248344
250517
252319
254230
256032
257725
259534
261520
263384
264949
266698
268903
271128
273269
275146
277052
279048
281143
283115
284471
286410
288961
291297
293240
295010
297220
299108
300697
302447
304224
306048
307601
309549
311822
313551
315664
317805
319612
321429
323896
325732
327599
329636
331588
333446
335656
337699
339705
341938
343835
346022
1630
3253
5222
7278
9245
10785
12395
14146
15892
17636
19402
21282
23201
24972
26749
28156
30213
32332
34250
36392
38657
40592
42666
44741
46834
48753
50100
52184
53898
55403
57310
59183
60763
62721
64276
66538
68219
70003
71704
73638
75486
77524
79481
81142
82941
84935
86947
88849
90658
92782
94411
96468
98474
100529
102627
104540
106759
108606
110587
112429
114383
116091
117856
119490
121595
123367
125427
127202
129242
131285
133328
135529
137365
138900
140893
142789
144485
146673
148363
150161
151727
153707
155534
157728
159598
161699
163456
165426
167424
169336
171131
173563
175219
177106
179307
181634
183518
185802
187847
189964
191542
193516
195178
197234
198973
201339
203196
204750
206821
208659
210907
212555
214678
216402
218190
220424
222093
223914
225516
227449
229171
231150
233162
235415
237739
239536
241630
243522
245284
247445
249223
251114
252900
254561
256358
258308
260140
261649
263386
265555
267776
269905
271758
273644
275620
277683
279627
280979
282894
285393
287681
289600
291338
293496
295364
296929
298655
300408
302200
303725
305645
307882
309607
311688
313817
315604
317401
319844
321660
323491
325488
327416
329254
331448
333459
335437
337634
339515
341658
